$ANSIBLE_VAULT;1.1;AES256
37663665656434353332373733613037633634363337353135306231626535346130613064333133
3232643231643933353164313737323631376531313539300a346236633861343838343166616631
63613134326464396136636134373133323262656339363838643165613663363361613132613632
3038313532303461640a346664376332313137666533656565356564666264633034396138363162
37613761643835313631326665396265326563383966356161646566666230336663336234383032
65393239653233346361366166346234613230386430376338396538333231663333323730363332
64353237653839626563353632653031356264343365366466393763303664616263636565316538
32363464353538323737356664653933316238663962636330396433333837313532373266356435
34346631363235633866316536653965623638313532393163326262313832366165333362666366
31343632376466616335303135636231623035336438383163656434623462653265656231383837
64663934383133363138656532313339386466303733376131633962353938316664636230613766
64373832396161613463323231306635653538333031353731376331373431363232663165386137
39626138306362653936623135313936656136313632353834303463363762306434356530373730
62653633326661336361306430383639643633626366346135356561343231623765333338303063
36363763313834383163386636366361636135653865396135653739373065336434323366646264
30303938306639383337376562316533636438393235623562366364386664356533663438326466
34343963353035623563333933306266653364353065363636616265626636643434303961383831
35376366396537663737623437376635363739373965306333346339613236303330386137316264
37393733663364323734373265346266393861663439623961633233383131643735353135613732
66613130616533366135353136396430646236386532616535613939656632636230646165333438
34343730306237333632396161326666323330356130383165313061356632333262616462326235
36333732303130666163616435316566636136303438386265616536356139633735663463613063
36613966333330656637373264613435323331623137366638346634656131373930643766306438
62353333333339636565613936343464346263326162656564396434373062313637663231623635
34346566383631323932393662336231313130666262343439656264333934313837383235626130
35636433356462396661616665336434333964613233623961376332303964353431336166616236
65356339616631343765656565636461643565666137343661383733656561323537663736666438
39616233326135636138643532306639363565366535376163323630346238633266393763306139
32346662313065303237383464333361326333383961326463633266643236333535616431346536
62616239383033376134643664343131316332616232336166623039626363353663623232616433
62613965386666323861333139333563373066363639363933363365613830656231306536353738
63623435623830313061663137396364323635303830613138363938326636383131623933663631
30663062346332393662376666366638356561643766663561316534343539326461303233353333
36316663323134336637613661666531363963333734643431343036336461386635326334633135
34336165333733313630663231383834383365613232616434323033396239653535316364656464
33656538393063333834383438376163623964366135376438613731656465373265646264363638
62643532303165336239343561313036363363646434343533363135303036353733333133356464
66336365383239353764663536316637623665353663633431336539333539663232386230343562
38303536313263643666383130363738666338323636623835373561343563633035383236646164
65643562306565303635336137373337373531613730656461383739343033376632383466396133
62353934353433653030323531313466363263313563336662613336333031353936333132326234
63623964613135633864363030326665373764663934663965646666303738333737336136363661
31333036623335323764316466303830386332326136366139643138313039353738346239383861
34663830323738383931333235343637363530623565626565323435653938656539346534643530
65333932623638366135653465383430313638303031363638643431343735303437616463313536
33666265616365303239393635353365623063373361326630633535396565656631623833343262
32666561643534376366376431333836333739326230393465343062356363396330336636373230
64626166346264633030313735613564373838333339623535623864363765303633626538393561
30373562363631393936363961396134643035343664666365613335643033393961346231356365
39613436383034316533666662623039663834636334663766336462643538646634643862333865
38636465323634393963383061366537636466656237633939373632623039323734323236323863
38393934363139336361366132343061626637646663303439366261313934393239313733313763
32316161623164316335356339623737373663623434303063383966636338313733356662636238
66333365353536396663386539303361373062313933333364653464616262653138316666626439
39333466313635353332636334656433636561333930636564336561666337336637366336356631
63633064353138366237653761666566663065666662643038613633346131363631633661363261
31626161333939613662353063373663386663346162326662346336633234663637393931303963
65353835363764346465653865383361383732306432336565316363623061326464303230653932
33313063316335346461643530643733666539376633383035663535393438663865636338633137
62663662643733323039616338616239363461623530353030616536326462613364383636333337
34373363613562313530376433316532656431316639363664376539373163373265383331313439
62326235363938326564316564386338303238376434303130666435313465306162333734336665
36656632313439616237363166613233633133646434383230303839643866353236326164613165
63663734393530343033653864623262323935393038393636376235356431333132363265613661
36373764376339306334323637653837663639633731623932616334653263646263396233633466
32323638633032626331306332383861626364663534653466396361316566383730376266333561
33393263386633343438333931343534316466633935363339626333653334653463653934336662
64633266353864616130313035306538306537656361363866333733326463323230663035396230
64376536626234626134663063613765616330303531303961653462313130646562313838653863
35396132323261396161363062646363663562643766643932306161653632666362636332333462
66353437663263656637623162646136343065366331616338383664393533653937363038353930
35363765636665353635326466396562396561333638343863656539306231396263336566633661
63633630663063363565356163383433663731643739303336363930663637323538343534663663
63633162623731343632613237363131306637363131653361663732323962306666653661613330
35653831386539383662303965316534653266336136666535313435343936626664363665616664
65363866633931616464373764366236353166386532353231663565333432613331386238373033
36393032656461623038373361313038636161333131353137383230393934333539393463653830
61616535346131303435663538393430336132636466666333616464663036386432383531626134
39633437663733363031366136343137303137343033323462626233306535666566623832333638
30343439353034653635313361323233653361623736346439613539323537323865396135383834
30303637613462383834623631326436343965373238313264383065646234353335346566346237
32346539373965616631666630306663353565373933663033313161383434663030626261343561
65646265383866333866313238633930336662663230356665313063383536323233303634373531
39646330313734393130323334313937656463623339326631636330636664383663633265373838
36373966656532616266653532643362373263333561336661616362343363323666653366396335
66383834376364363034666231356136373636316534336332306634646531626336623564386633
36653465303238323865306431656366353363373038626362316561376564623266623338663364
62326366663164356366653036386332346130623637303838356365326238396530376462613938
65383338366633313132316564386435613766373334613930323364316237316438363536663830
62373930386534303237353663646162343862666539663731393064336539346530353431303731
61323435393135376335316335656137303261346332353063326132633930663835303561636135
61653933396639376561386537643231613937613032626530336464346563383165646565356366
66626137333964633933316632336538623739353332346430373531326265373762623435353633
61303062376530653337366333353635626638316137663539333466323061616539613564326539
62346232643238313231336633623631326237353834386564306265633737633539663964656534
63383663333631383537
